s1.bmp 1 0 0 24 24
s10.bmp 1 0 0 24 24
s100.bmp 1 0 0 24 24
s101.bmp 1 0 0 24 24
s102.bmp 1 0 0 24 24
s103.bmp 1 0 0 24 24
s104.bmp 1 0 0 24 24
s105.bmp 1 0 0 24 24
s106.bmp 1 0 0 24 24
s107.bmp 1 0 0 24 24
s108.bmp 1 0 0 24 24
s109.bmp 1 0 0 24 24
s11.bmp 1 0 0 24 24
s110.bmp 1 0 0 24 24
s111.bmp 1 0 0 24 24
s112.bmp 1 0 0 24 24
s113.bmp 1 0 0 24 24
s114.bmp 1 0 0 24 24
s115.bmp 1 0 0 24 24
s116.bmp 1 0 0 24 24
s117.bmp 1 0 0 24 24
s118.bmp 1 0 0 24 24
s119.bmp 1 0 0 24 24
s12.bmp 1 0 0 24 24
s120.bmp 1 0 0 24 24
s121.bmp 1 0 0 24 24
s122.bmp 1 0 0 24 24
s123.bmp 1 0 0 24 24
s124.bmp 1 0 0 24 24
s125.bmp 1 0 0 24 24
s126.bmp 1 0 0 24 24
s127.bmp 1 0 0 24 24
s128.bmp 1 0 0 24 24
s129.bmp 1 0 0 24 24
s13.bmp 1 0 0 24 24
s130.bmp 1 0 0 24 24
s131.bmp 1 0 0 24 24
s132.bmp 1 0 0 24 24
s133.bmp 1 0 0 24 24
s134.bmp 1 0 0 24 24
s135.bmp 1 0 0 24 24
s136.bmp 1 0 0 24 24
s137.bmp 1 0 0 24 24
s138.bmp 1 0 0 24 24
s139.bmp 1 0 0 24 24
s14.bmp 1 0 0 24 24
s140.bmp 1 0 0 24 24
s141.bmp 1 0 0 24 24
s142.bmp 1 0 0 24 24
s143.bmp 1 0 0 24 24
s144.bmp 1 0 0 24 24
s145.bmp 1 0 0 24 24
s146.bmp 1 0 0 24 24
s147.bmp 1 0 0 24 24
s148.bmp 1 0 0 24 24
s149.bmp 1 0 0 24 24
s15.bmp 1 0 0 24 24
s150.bmp 1 0 0 24 24
s151.bmp 1 0 0 24 24
s152.bmp 1 0 0 24 24
s153.bmp 1 0 0 24 24
s154.bmp 1 0 0 24 24
s155.bmp 1 0 0 24 24
s156.bmp 1 0 0 24 24
s157.bmp 1 0 0 24 24
s158.bmp 1 0 0 24 24
s159.bmp 1 0 0 24 24
s16.bmp 1 0 0 24 24
s160.bmp 1 0 0 24 24
s161.bmp 1 0 0 24 24
s162.bmp 1 0 0 24 24
s163.bmp 1 0 0 24 24
s164.bmp 1 0 0 24 24
s165.bmp 1 0 0 24 24
s17.bmp 1 0 0 24 24
s18.bmp 1 0 0 24 24
s19.bmp 1 0 0 24 24
s2.bmp 1 0 0 24 24
s20.bmp 1 0 0 24 24
s21.bmp 1 0 0 24 24
s22.bmp 1 0 0 24 24
s23.bmp 1 0 0 24 24
s24.bmp 1 0 0 24 24
s25.bmp 1 0 0 24 24
s26.bmp 1 0 0 24 24
s27.bmp 1 0 0 24 24
s28.bmp 1 0 0 24 24
s29.bmp 1 0 0 24 24
s3.bmp 1 0 0 24 24
s30.bmp 1 0 0 24 24
s31.bmp 1 0 0 24 24
s32.bmp 1 0 0 24 24
s33.bmp 1 0 0 24 24
s34.bmp 1 0 0 24 24
s35.bmp 1 0 0 24 24
s36.bmp 1 0 0 24 24
s37.bmp 1 0 0 24 24
s38.bmp 1 0 0 24 24
s39.bmp 1 0 0 24 24
s4.bmp 1 0 0 24 24
s40.bmp 1 0 0 24 24
s41.bmp 1 0 0 24 24
s42.bmp 1 0 0 24 24
s43.bmp 1 0 0 24 24
s44.bmp 1 0 0 24 24
s45.bmp 1 0 0 24 24
s46.bmp 1 0 0 24 24
s47.bmp 1 0 0 24 24
s48.bmp 1 0 0 24 24
s49.bmp 1 0 0 24 24
s5.bmp 1 0 0 24 24
s50.bmp 1 0 0 24 24
s51.bmp 1 0 0 24 24
s52.bmp 1 0 0 24 24
s53.bmp 1 0 0 24 24
s54.bmp 1 0 0 24 24
s55.bmp 1 0 0 24 24
s56.bmp 1 0 0 24 24
s57.bmp 1 0 0 24 24
s58.bmp 1 0 0 24 24
s59.bmp 1 0 0 24 24
s6.bmp 1 0 0 24 24
s60.bmp 1 0 0 24 24
s61.bmp 1 0 0 24 24
s62.bmp 1 0 0 24 24
s63.bmp 1 0 0 24 24
s64.bmp 1 0 0 24 24
s65.bmp 1 0 0 24 24
s66.bmp 1 0 0 24 24
s67.bmp 1 0 0 24 24
s68.bmp 1 0 0 24 24
s69.bmp 1 0 0 24 24
s7.bmp 1 0 0 24 24
s70.bmp 1 0 0 24 24
s71.bmp 1 0 0 24 24
s72.bmp 1 0 0 24 24
s73.bmp 1 0 0 24 24
s74.bmp 1 0 0 24 24
s75.bmp 1 0 0 24 24
s76.bmp 1 0 0 24 24
s77.bmp 1 0 0 24 24
s78.bmp 1 0 0 24 24
s79.bmp 1 0 0 24 24
s8.bmp 1 0 0 24 24
s80.bmp 1 0 0 24 24
s81.bmp 1 0 0 24 24
s82.bmp 1 0 0 24 24
s83.bmp 1 0 0 24 24
s84.bmp 1 0 0 24 24
s85.bmp 1 0 0 24 24
s86.bmp 1 0 0 24 24
s87.bmp 1 0 0 24 24
s88.bmp 1 0 0 24 24
s89.bmp 1 0 0 24 24
s9.bmp 1 0 0 24 24
s90.bmp 1 0 0 24 24
s91.bmp 1 0 0 24 24
s92.bmp 1 0 0 24 24
s93.bmp 1 0 0 24 24
s94.bmp 1 0 0 24 24
s95.bmp 1 0 0 24 24
s96.bmp 1 0 0 24 24
s97.bmp 1 0 0 24 24
s98.bmp 1 0 0 24 24
s99.bmp 1 0 0 24 24
