0.024691 
0.004144 
-0.028565 
0.003468 
0.019094 
-0.019568 
-0.008898 
-0.010039 
0.017561 
0.018990 
-0.002110 
0.003884 
0.017245 
0.032117 
-0.030093 
-0.036827 
-0.030652 
0.014136 
0.034352 
0.006952 
0.014690 
-0.009928 
0.019443 
-0.017774 
-0.004581 
-0.005118 
0.029258 
0.029263 
0.016572 
-0.010376 
-0.005779 
0.032993 
-0.014458 
-0.036328 
-0.013731 
0.035220 
-0.016002 
-0.023958 
-0.020724 
0.006938 
0.066070 
-0.006222 
-0.027009 
-0.028277 
-0.022560 
-0.025496 
-0.036172 
0.001851 
-0.008399 
0.038645 
-0.004552 
-0.003329 
-0.016153 
-0.002813 
0.012448 
-0.006132 
-0.023542 
0.003836 
0.072213 
-0.009985 
-0.002835 
-0.009696 
0.013883 
0.024874 
-0.009294 
0.003390 
0.010911 
0.022585 
0.004926 
0.015644 
0.023505 
0.006502 
0.013218 
0.000085 
0.023804 
-0.014986 
-0.006679 
-0.021022 
-0.004060 
-0.007535 
0.031104 
-0.007600 
0.004993 
0.006246 
-0.026499 
-0.018321 
-0.019675 
0.016620 
0.012865 
0.012591 
0.028346 
0.009791 
0.012507 
0.010922 
0.001614 
-0.010357 
0.017935 
0.038286 
0.038097 
-0.026184 
-0.001151 
-0.029199 
-0.017660 
-0.036728 
-0.000399 
-0.005985 
-0.005016 
-0.017492 
-0.013758 
-0.014137 
0.012666 
0.019567 
0.034827 
0.037994 
0.037225 
0.020584 
0.002592 
-0.019915 
-0.052595 
-0.020569 
-0.016234 
0.043271 
0.034243 
0.044483 
0.044055 
-0.010126 
-0.037555 
0.013179 
-0.006315 
0.013790 
0.030909 
0.035695 
0.002453 
-0.005100 
-0.026546 
-0.042763 
-0.008196 
0.000551 
0.015364 
0.021102 
-0.007962 
0.000835 
0.008214 
-0.019646 
-0.014802 
-0.035185 
-0.035903 
-0.014946 
0.058763 
0.036604 
0.045224 
0.051887 
0.005875 
-0.020622 
-0.036563 
-0.026264 
-0.013130 
0.030753 
0.009705 
-0.010924 
-0.013556 
-0.003755 
-0.011813 
0.010171 
-0.018197 
0.034717 
0.036426 
0.001974 
0.004694 
0.034312 
-0.013431 
0.000913 
0.026253 
-0.014387 
0.007434 
0.019836 
-0.021957 
0.016142 
0.012627 
-0.007836 
-0.004413 
-0.014351 
0.018427 
0.040874 
0.040866 
0.006520 
-0.028803 
-0.046748 
-0.007641 
0.021287 
-0.007839 
0.007331 
0.046871 
0.036667 
0.018165 
-0.004148 
-0.033883 
0.013121 
0.033918 
0.046638 
-0.001683 
0.022736 
0.054977 
-0.003839 
-0.010255 
-0.027797 
0.029857 
0.014364 
0.031384 
0.016223 
0.011703 
0.031889 
-0.011440 
-0.017320 
-0.003960 
0.032090 
0.041418 
0.016575 
0.005115 
0.015256 
0.070878 
0.016932 
-0.008719 
-0.047624 
0.020973 
0.022904 
0.013281 
0.005325 
0.020982 
0.048463 
-0.005897 
-0.014244 
-0.042299 
0.002892 
0.014357 
0.029246 
0.033877 
0.028448 
0.055897 
0.002720 
-0.022396 
-0.021841 
0.024507 
-0.013837 
0.017096 
0.028243 
0.020839 
0.077221 
0.002142 
-0.026287 
0.012760 
0.018067 
0.003920 
0.002204 
-0.012703 
0.006627 
0.061182 
-0.006902 
0.022129 
0.008441 
-0.016557 
-0.010229 
-0.016198 
-0.008327 
0.025176 
0.050260 
0.000504 
0.030229 
0.000763 
-0.022540 
0.004492 
0.033457 
0.039042 
0.006250 
0.048797 
0.006391 
0.008875 
0.058013 
0.004432 
-0.018298 
-0.001555 
0.055505 
0.030097 
0.028904 
-0.001303 
0.035965 
0.043556 
-0.000833 
-0.019010 
-0.015935 
0.019724 
0.056277 
0.088039 
0.031384 
0.028310 
-0.016636 
-0.032993 
-0.027415 
-0.031429 
0.003315 
0.034664 
0.072479 
0.029120 
0.006044 
-0.038924 
-0.043771 
-0.025896 
-0.010967 
0.019018 
0.039091 
0.045128 
0.045429 
0.040056 
0.030686 
-0.019942 
-0.049142 
-0.014876 
-0.030017 
-0.004406 
0.029140 
0.027142 
-0.010971 
-0.001326 
-0.045422 
-0.000056 
0.010250 
0.024438 
0.025613 
0.063800 
0.005602 
0.011696 
-0.023332 
-0.026760 
-0.009762 
0.011453 
0.013917 
0.008556 
0.046280 
-0.014972 
0.021446 
-0.027307 
-0.042046 
0.014952 
0.029441 
-0.004664 
0.002207 
0.057084 
-0.000023 
-0.018062 
0.001553 
0.004980 
0.000310 
0.005753 
-0.001546 
-0.014516 
0.044725 
-0.025106 
0.008681 
-0.027325 
-0.009321 
0.014327 
0.007691 
0.026547 
0.011489 
0.020737 
-0.020256 
0.003040 
-0.023619 
0.002895 
0.000352 
0.016490 
0.007444 
-0.028321 
0.030477 
-0.024230 
-0.017188 
-0.041765 
0.001463 
0.002578 
0.015988 
0.017277 
0.023198 
0.024603 
-0.025115 
0.004876 
-0.038282 
0.011753 
-0.022973 
0.005519 
0.027798 
-0.008351 
0.041338 
-0.040476 
-0.008190 
-0.019200 
-0.007819 
-0.007175 
0.000255 
-0.022845 
-0.018718 
0.052436 
-0.006821 
-0.012900 
-0.040992 
-0.006692 
0.063423 
0.009133 
-0.000770 
0.001930 
0.060591 
0.003006 
0.029422 
-0.026261 
0.047707 
-0.005701 
-0.031840 
-0.000184 
-0.025835 
0.047685 
-0.033207 
-0.007931 
-0.017668 
-0.027077 
0.024827 
-0.040138 
-0.007223 
-0.021314 
0.048171 
-0.002254 
0.030566 
-0.040466 
0.011289 
0.068605 
0.001994 
0.017246 
-0.011176 
0.029900 
0.006277 
0.054768 
-0.004494 
0.064019 
0.028228 
0.015224 
0.011197 
-0.046667 
0.034477 
0.014096 
0.047865 
-0.009939 
0.024730 
0.030924 
-0.023851 
-0.006749 
-0.037312 
0.026348 
0.008070 
0.030048 
-0.047165 
0.045062 
0.034009 
-0.004989 
0.015660 
-0.034365 
0.016652 
-0.006414 
0.027330 
-0.037558 
0.028001 
-0.005774 
0.004348 
-0.010552 
-0.042019 
0.080861 
0.022825 
0.011768 
-0.035525 
-0.009524 
0.000975 
0.005461 
-0.010323 
-0.032683 
0.104228 
0.047104 
0.033379 
-0.051554 
0.006722 
0.002737 
-0.009329 
0.004443 
-0.030126 
0.069653 
0.008340 
-0.010681 
-0.035255 
-0.007384 
-0.019003 
-0.028144 
-0.006020 
-0.022137 
0.070444 
0.026213 
0.004689 
-0.048801 
0.005338 
0.001392 
0.000630 
-0.008241 
-0.063482 
0.079882 
0.019018 
0.023607 
-0.052446 
-0.008664 
0.013768 
0.001611 
0.052800 
-0.045824 
0.079165 
-0.014204 
-0.033003 
-0.060335 
-0.011075 
-0.004482 
-0.022166 
-0.011469 
-0.084480 
0.064492 
-0.003354 
0.003502 
-0.040082 
0.004563 
0.024679 
-0.002997 
0.014379 
-0.054248 
0.071206 
-0.005618 
-0.004530 
-0.022182 
0.032495 
0.010301 
-0.007441 
0.022321 
-0.009740 
0.007877 
0.001505 
0.037297 
0.026565 
0.007379 
0.021724 
-0.002428 
-0.009825 
-0.020486 
0.003211 
0.008301 
0.019161 
0.018376 
0.004195 
0.018638 
-0.011284 
0.010707 
0.005518 
0.011390 
0.012410 
0.025048 
0.020301 
0.029488 
0.019954 
0.019380 
0.003645 
-0.017945 
-0.023623 
0.006722 
0.024912 
0.022748 
0.006234 
0.034336 
-0.017429 
-0.030563 
-0.016509 
0.028785 
-0.009455 
-0.009785 
0.012782 
0.021372 
0.041958 
0.000330 
-0.019427 
-0.021917 
0.047123 
0.004071 
-0.018119 
0.030112 
0.034113 
0.043871 
0.023956 
-0.008996 
-0.039361 
-0.001095 
-0.017760 
-0.025242 
0.010606 
0.025026 
0.015229 
0.008989 
-0.045273 
-0.035373 
0.018801 
-0.002390 
-0.047692 
0.013601 
0.045594 
0.033122 
0.011168 
0.003771 
0.017949 
0.043114 
-0.003303 
0.015056 
0.040702 
0.035810 
0.004133 
-0.010068 
-0.017624 
0.000237 
-0.008612 
-0.001939 
-0.007326 
0.016322 
0.009213 
0.017353 
0.001270 
-0.030440 
0.001399 
0.066114 
0.006214 
-0.017174 
0.029371 
0.050067 
-0.033439 
-0.026060 
-0.043716 
0.000065 
0.035916 
-0.002552 
0.005413 
0.020901 
0.009035 
-0.028183 
-0.000297 
0.010392 
-0.013899 
0.023687 
0.015913 
-0.013819 
-0.000602 
-0.000220 
-0.030991 
0.059569 
0.038184 
0.018992 
0.025786 
-0.000127 
-0.005354 
-0.034962 
-0.032965 
-0.031211 
0.003096 
0.032365 
0.018038 
0.047377 
0.025607 
0.020048 
0.023866 
-0.005884 
-0.008984 
0.071640 
0.098898 
0.071138 
0.018989 
-0.019117 
0.005238 
-0.019369 
-0.029553 
0.027064 
0.098375 
0.025924 
0.028494 
0.017403 
-0.001924 
0.001859 
0.003499 
0.009925 
0.061792 
0.105968 
0.010465 
-0.006619 
-0.031004 
-0.043914 
-0.029608 
0.018995 
0.022864 
0.028772 
0.118655 
0.090871 
0.019962 
-0.004643 
-0.035430 
-0.005381 
0.009193 
0.019398 
0.024441 
0.068603 
0.022203 
-0.042495 
-0.066763 
-0.089010 
-0.049038 
0.005267 
0.003466 
0.076860 
0.093067 
0.016837 
-0.000364 
0.026636 
-0.022224 
-0.005951 
0.008786 
0.052644 
0.033753 
0.048866 
-0.013286 
-0.023432 
-0.014568 
-0.049737 
-0.028938 
-0.006919 
0.059229 
0.069427 
0.049200 
0.028750 
-0.022355 
-0.023860 
-0.038800 
-0.008216 
0.006097 
0.010071 
0.020972 
-0.001874 
0.002148 
-0.049520 
-0.027507 
-0.028167 
0.009586 
0.005185 
0.023774 
0.011212 
0.019812 
0.008607 
-0.015067 
0.037433 
-0.025210 
-0.013871 
0.011604 
0.043227 
-0.001947 
0.019239 
0.030401 
-0.007360 
0.069938 
-0.001084 
0.014592 
0.071186 
0.021345 
0.008138 
0.018420 
-0.011697 
-0.055007 
0.027578 
-0.001351 
0.029873 
0.036212 
0.044170 
0.026446 
0.032930 
0.008166 
-0.068348 
0.025802 
-0.017481 
0.034046 
0.083798 
0.050765 
0.002677 
0.040715 
0.040832 
-0.018474 
0.042667 
0.004138 
0.021382 
0.060926 
-0.013203 
-0.028112 
0.024961 
0.021525 
-0.004717 
0.021922 
0.018473 
0.057829 
0.039823 
-0.038329 
0.013586 
0.049333 
0.035411 
-0.066780 
0.003574 
-0.019369 
0.016423 
0.073617 
0.040520 
0.013590 
0.055095 
0.011069 
-0.034045 
-0.015046 
-0.030967 
0.015753 
0.013397 
0.010831 
-0.009835 
0.019118 
0.002009 
0.000363 
0.045065 
0.038511 
0.049808 
0.041774 
-0.031441 
-0.042202 
-0.022381 
-0.022513 
-0.007554 
0.040466 
0.039112 
0.021048 
0.016699 
-0.046913 
0.015653 
0.040598 
-0.012074 
-0.020536 
-0.006427 
-0.007414 
0.045669 
0.049038 
0.030696 
-0.027514 
-0.018267 
-0.029628 
-0.023053 
-0.010640 
0.012738 
0.036574 
0.045922 
0.005074 
0.008430 
0.000017 
-0.016934 
-0.010632 
0.075166 
0.019237 
-0.012097 
-0.003021 
-0.016512 
0.010444 
0.002604 
-0.022251 
-0.041112 
0.056982 
-0.024768 
-0.010414 
-0.042070 
-0.014441 
-0.013847 
-0.004753 
-0.006186 
-0.008164 
0.015360 
0.001499 
0.016401 
0.036835 
0.036060 
0.024916 
0.007540 
0.001684 
-0.019306 
0.026099 
-0.025086 
-0.017992 
0.025872 
0.029099 
0.004187 
0.012040 
-0.028157 
-0.011593 
0.072990 
-0.014470 
-0.008928 
-0.052060 
-0.016224 
-0.032741 
0.004809 
0.002848 
0.000312 
0.065760 
-0.009159 
-0.005834 
-0.044161 
-0.031850 
0.033388 
0.031922 
-0.004092 
0.011890 
0.050147 
0.008051 
0.005548 
0.017414 
0.025656 
0.003213 
0.031439 
0.027208 
0.017569 
0.052007 
-0.003701 
0.030489 
-0.023568 
0.004576 
-0.032627 
-0.041469 
-0.008804 
-0.010329 
0.075554 
-0.007265 
0.008277 
-0.016122 
-0.015570 
-0.032802 
-0.054499 
-0.028270 
-0.005259 
0.092598 
0.005666 
-0.003057 
-0.020584 
-0.011136 
0.021774 
-0.011339 
0.016655 
0.010555 
0.064241 
0.009819 
0.047541 
0.022307 
0.020420 
0.011933 
-0.051267 
-0.030492 
-0.019487 
0.093646 
0.011948 
0.023052 
0.025742 
0.009444 
-0.012769 
-0.010254 
-0.001088 
-0.008229 
0.084952 
0.013277 
0.002102 
-0.027098 
-0.027725 
0.002883 
0.002813 
0.039406 
-0.001827 
0.062562 
-0.009382 
0.021202 
-0.035321 
-0.029271 
-0.000503 
-0.008486 
-0.002199 
-0.004013 
0.077026 
0.011388 
0.027296 
0.006972 
-0.009633 
0.013723 
0.011301 
0.040606 
0.005038 
0.074063 
0.029471 
0.023894 
0.019059 
-0.002789 
-0.038708 
-0.016636 
0.034512 
0.004983 
0.086674 
0.007382 
-0.009634 
-0.027606 
-0.040175 
-0.029592 
-0.027095 
-0.002594 
-0.009743 
0.081006 
0.037109 
0.011677 
-0.014899 
-0.019470 
-0.025951 
-0.016379 
0.041550 
0.008914 
0.093651 
0.045440 
0.038597 
-0.001411 
-0.004047 
-0.028134 
-0.010633 
-0.004998 
0.000444 
0.077512 
0.041765 
0.065572 
0.009616 
0.007487 
-0.014344 
-0.017836 
-0.001444 
-0.051699 
0.066851 
0.021214 
0.015621 
0.003851 
-0.004761 
0.001624 
0.005065 
0.011503 
-0.043305 
0.104750 
-0.013186 
0.000569 
0.005689 
0.025608 
-0.008037 
0.005726 
0.000244 
-0.018501 
0.071281 
0.036039 
0.047575 
0.019106 
0.025572 
0.004079 
-0.013873 
0.008419 
-0.060317 
0.090047 
0.019329 
0.010674 
0.014116 
0.028904 
0.030505 
-0.004111 
0.008064 
0.016969 
0.011710 
0.021377 
0.007365 
0.019562 
0.041404 
0.012297 
0.018388 
0.011178 
0.015151 
0.032245 
0.014723 
0.008738 
-0.003252 
0.025346 
0.017702 
-0.037302 
-0.025761 
-0.003184 
0.027925 
0.024688 
0.021361 
0.020358 
0.035648 
-0.009441 
-0.047335 
-0.007113 
-0.000305 
0.014449 
0.009248 
-0.002455 
0.009384 
0.009436 
0.005589 
0.043048 
0.003657 
-0.008988 
0.035872 
-0.004530 
-0.025185 
-0.035710 
-0.000181 
-0.001884 
0.036232 
-0.018801 
-0.014752 
0.017205 
-0.000485 
-0.013894 
0.018887 
-0.004107 
-0.013009 
0.034408 
0.017946 
0.028212 
0.046824 
0.014049 
-0.012083 
-0.023973 
-0.020225 
0.028660 
0.080563 
0.094542 
0.043917 
0.022654 
0.008287 
0.010785 
0.014973 
-0.007047 
0.005120 
0.009807 
-0.037930 
0.014457 
0.041560 
-0.001925 
-0.008533 
0.020440 
-0.001733 
-0.021019 
-0.026073 
-0.040754 
-0.008390 
0.020504 
0.013356 
0.030720 
0.018474 
-0.004908 
0.076125 
0.081795 
0.053204 
0.030228 
0.014963 
-0.007574 
0.040277 
0.061862 
0.051025 
0.027552 
0.023773 
0.005913 
0.004545 
-0.022390 
-0.012527 
0.073012 
0.059245 
0.046004 
-0.029194 
-0.001588 
0.077371 
0.070240 
0.056674 
0.032143 
0.043685 
0.015389 
-0.022545 
-0.021096 
0.054518 
0.121913 
0.092906 
0.019821 
-0.030162 
-0.007582 
-0.015748 
-0.043819 
-0.019679 
0.006101 
0.082383 
0.074948 
0.025290 
0.019556 
0.069911 
0.028684 
0.008705 
-0.075530 
-0.034933 
0.024299 
0.030061 
0.026504 
-0.010664 
-0.011083 
-0.041729 
-0.100026 
0.052623 
0.116611 
0.133851 
0.064782 
0.051669 
-0.003370 
0.033261 
0.054708 
0.020299 
0.008847 
0.045489 
0.026570 
-0.018834 
-0.010780 
-0.046419 
0.004289 
0.050790 
0.017770 
-0.013559 
0.006743 
0.036603 
0.011902 
0.045760 
0.024589 
0.038899 
0.013232 
-0.028679 
-0.015688 
0.000984 
0.001960 
-0.012310 
-0.003773 
-0.028594 
0.034238 
0.017089 
-0.000271 
0.055107 
0.046026 
0.044815 
0.019351 
0.039971 
0.011045 
0.023916 
0.024542 
0.041917 
0.016838 
0.042496 
0.035958 
0.009751 
0.045740 
0.033386 
0.037140 
0.023272 
0.004738 
0.008238 
-0.009891 
0.022456 
0.019005 
0.050379 
-0.017707 
0.027807 
0.011644 
0.002162 
-0.004434 
-0.021214 
-0.010413 
-0.005627 
0.052401 
-0.026519 
0.023886 
-0.004407 
-0.031977 
0.028308 
0.059551 
0.034493 
-0.010544 
0.087838 
0.033286 
0.064420 
0.016845 
0.039115 
0.032394 
0.063237 
0.059569 
-0.033555 
0.072627 
0.010749 
0.061431 
0.043665 
0.037749 
0.008190 
-0.012327 
-0.006937 
-0.046075 
0.053100 
-0.034218 
0.017727 
-0.010682 
-0.028753 
-0.003484 
-0.020657 
0.010395 
-0.039895 
0.059037 
-0.021704 
0.007173 
-0.040510 
-0.040235 
0.015620 
0.068142 
0.065946 
-0.033338 
0.057987 
0.012190 
0.027214 
0.057244 
0.049481 
0.030638 
0.050561 
0.046697 
0.008237 
0.031849 
-0.018040 
0.027738 
0.062912 
0.048493 
-0.046168 
-0.028454 
-0.007706 
-0.022978 
0.101516 
0.026544 
0.023139 
-0.017115 
-0.047848 
-0.041178 
-0.036475 
-0.004084 
-0.018514 
0.083084 
0.045240 
0.034506 
0.012851 
-0.039525 
0.053876 
0.024624 
0.025799 
0.006425 
0.034769 
0.004181 
0.047195 
0.098927 
0.080395 
0.029486 
-0.014449 
0.005217 
-0.013492 
0.025626 
0.012155 
0.052844 
0.082765 
0.046022 
-0.053562 
-0.047232 
-0.005263 
-0.041771 
0.078532 
0.044061 
0.051292 
0.000607 
-0.022750 
-0.034632 
-0.046943 
0.006150 
-0.035750 
0.073364 
0.023482 
0.040381 
-0.022567 
-0.016783 
0.046376 
-0.009256 
0.013932 
-0.037662 
0.007976 
-0.026977 
0.020226 
0.087119 
0.089561 
0.069701 
0.012034 
0.044378 
-0.026227 
0.026960 
-0.017779 
0.050908 
0.098394 
0.098967 
-0.023531 
-0.053372 
-0.013735 
-0.055376 
0.047282 
-0.018886 
0.026835 
-0.043802 
-0.015546 
0.019133 
-0.025792 
-0.012292 
-0.067989 
0.002377 
-0.040195 
0.032950 
0.017799 
0.051740 
0.013732 
0.026445 
0.030746 
-0.008946 
0.033108 
-0.010417 
0.017921 
0.069006 
0.032798 
0.040325 
0.068285 
0.035312 
0.006998 
0.021247 
-0.012121 
0.043591 
0.043678 
0.052663 
0.005334 
-0.023472 
-0.005529 
-0.056932 
-0.025401 
-0.041084 
0.012863 
0.035032 
0.002321 
0.051567 
0.043867 
0.008280 
-0.030555 
0.013456 
-0.042422 
0.048285 
0.028938 
0.018773 
0.054419 
0.024801 
-0.005204 
-0.050188 
-0.004035 
-0.052310 
-0.000108 
0.028473 
0.070756 
0.017384 
-0.018103 
-0.023829 
-0.044790 
0.021156 
-0.049287 
0.001151 
0.054780 
0.069606 
0.058776 
0.035863 
-0.011032 
-0.056365 
-0.029372 
-0.089199 
-0.000060 
0.017028 
0.023588 
0.042465 
-0.007676 
0.004254 
-0.030106 
-0.012868 
-0.059702 
0.021800 
0.067942 
0.040479 
-0.002568 
-0.044115 
-0.039292 
-0.068846 
-0.023489 
-0.061745 
-0.012576 
0.028834 
0.042573 
0.017993 
-0.014923 
0.008996 
-0.049760 
-0.007790 
-0.025768 
-0.011997 
0.050122 
0.031832 
0.005233 
-0.019071 
0.001494 
-0.041381 
-0.028922 
-0.038336 
0.041495 
0.080642 
0.027721 
0.055251 
0.052261 
0.056847 
0.003522 
0.006289 
0.027004 
0.081680 
0.099593 
0.057265 
-0.036939 
-0.023311 
0.002092 
-0.025792 
-0.003409 
-0.005234 
0.009344 
0.022861 
0.000522 
-0.051847 
-0.032599 
-0.043334 
-0.025189 
0.020816 
0.002918 
0.007790 
-0.006073 
-0.020448 
0.035307 
0.086000 
0.074276 
0.052594 
0.014576 
0.048331 
0.064038 
0.084098 
0.059176 
0.043233 
0.063040 
0.050060 
0.071174 
0.047400 
0.079562 
0.041606 
0.029831 
0.046614 
0.001634 
0.011319 
-0.000035 
-0.022366 
0.083994 
0.038358 
0.038999 
0.011927 
0.034149 
-0.021031 
-0.050020 
-0.025927 
-0.085382 
0.073291 
0.006249 
-0.000161 
-0.022405 
0.003657 
0.065958 
0.036128 
0.058579 
0.064305 
0.077482 
0.090575 
0.081157 
0.023860 
0.053883 
-0.035998 
-0.068898 
-0.028096 
-0.031723 
0.092078 
0.047469 
0.001258 
-0.052384 
-0.023317 
0.008484 
-0.029246 
-0.012487 
0.027503 
0.033557 
-0.005958 
0.002533 
0.004008 
0.023873 
0.002252 
-0.048698 
-0.010341 
-0.015584 
0.014683 
-0.018933 
-0.037008 
-0.004594 
0.017666 
0.056355 
0.025741 
0.029948 
0.039605 
0.042181 
0.004033 
0.000965 
0.002055 
0.045349 
0.021416 
0.013259 
0.026665 
0.057376 
0.029614 
0.020731 
-0.036270 
-0.038667 
0.009410 
-0.035487 
-0.011511 
0.015872 
0.027106 
0.044358 
-0.009855 
-0.039657 
-0.027294 
-0.030775 
-0.009492 
0.037046 
0.069201 
0.068500 
0.046752 
0.000659 
-0.006478 
-0.040488 
-0.056105 
-0.033147 
-0.013489 
0.003700 
0.061613 
0.090536 
0.047656 
0.003185 
-0.013029 
-0.031244 
-0.029794 
-0.005250 
0.028075 
0.064741 
0.082504 
0.064772 
0.070930 
0.049448 
-0.036553 
0.055676 
0.075498 
0.065274 
0.015393 
-0.015499 
-0.019206 
0.032332 
0.037527 
0.014372 
0.010115 
0.024986 
0.021217 
-0.032591 
-0.068090 
-0.046418 
0.060230 
0.054989 
0.035078 
0.014626 
0.049719 
0.037177 
0.030843 
0.022819 
0.030377 
0.096157 
0.062799 
-0.000715 
0.007153 
0.026224 
0.034409 
-0.014805 
-0.001831 
-0.018544 
0.047674 
0.018964 
-0.002785 
-0.009681 
0.027270 
0.082232 
0.051160 
0.009218 
0.015958 
0.079161 
0.045035 
0.033908 
-0.085740 
-0.056576 
0.003170 
0.003825 
0.025680 
0.022812 
0.027993 
-0.008015 
-0.066419 
0.025316 
0.045133 
0.080734 
0.052696 
0.031917 
0.054813 
0.098485 
0.046184 
0.014995 
-0.077806 
-0.026168 
0.026266 
0.015097 
0.025559 
0.020757 
0.025486 
-0.022609 
-0.050292 
0.002386 
-0.014482 
0.033560 
0.032470 
0.062896 
0.059347 
0.065933 
0.038831 
0.001339 
0.014235 
-0.018016 
0.016365 
-0.016593 
0.015353 
0.007909 
0.037261 
0.021776 
0.020228 
0.006015 
0.037806 
0.065258 
0.037821 
0.043911 
0.036142 
0.043593 
0.009666 
0.022780 
0.031110 
0.006371 
0.004423 
-0.027457 
0.004703 
-0.038046 
-0.001099 
-0.011546 
0.015155 
0.024260 
-0.001952 
0.012637 
0.000587 
0.055220 
-0.002402 
0.038212 
0.028858 
0.029866 
-0.006051 
-0.015249 
-0.002903 
-0.004539 
0.069510 
-0.018056 
0.028004 
0.013559 
0.000028 
0.035214 
0.026416 
0.054308 
0.001566 
0.047683 
-0.028627 
-0.004575 
-0.009605 
0.021124 
0.015003 
0.043202 
0.035505 
0.002698 
0.047314 
-0.026957 
-0.001524 
-0.006068 
0.001460 
0.011313 
-0.003353 
0.018236 
-0.026024 
0.080632 
-0.019327 
0.010230 
0.004038 
-0.003647 
0.022875 
-0.018334 
0.010279 
-0.002610 
0.074698 
-0.004360 
-0.002745 
-0.042028 
-0.018461 
0.005272 
0.040717 
0.046278 
-0.007281 
0.077714 
0.008110 
0.027784 
-0.000843 
-0.023189 
0.005966 
0.001217 
0.045825 
0.028608 
0.104661 
0.003582 
0.031581 
-0.004081 
-0.013306 
-0.026712 
-0.025681 
0.000244 
0.013375 
0.147585 
0.044742 
-0.013263 
-0.037811 
-0.029026 
-0.043249 
-0.026431 
0.032650 
-0.002295 
0.102804 
0.049235 
0.030270 
-0.026391 
-0.037010 
0.000571 
-0.037300 
0.036595 
0.060434 
0.133306 
0.009541 
0.017736 
-0.012340 
-0.015987 
-0.019019 
-0.015137 
0.058003 
0.046337 
0.083210 
0.008030 
-0.006412 
-0.020828 
-0.024042 
-0.047637 
-0.018372 
0.029135 
-0.038930 
0.085337 
0.035192 
0.045734 
-0.020635 
-0.026389 
-0.010168 
-0.001392 
0.024703 
-0.021139 
0.080224 
0.031707 
0.069181 
0.023187 
-0.012961 
-0.028965 
0.007132 
0.076765 
0.026882 
0.070928 
-0.002490 
0.014609 
-0.031717 
-0.024700 
-0.010228 
0.023530 
0.045615 
-0.008037 
0.061623 
0.005125 
0.059688 
0.018317 
-0.010038 
0.042791 
0.009391 
0.003378 
-0.045374 
0.011695 
-0.011495 
0.031746 
0.018963 
0.014505 
0.067467 
0.007042 
-0.001816 
-0.045896 
-0.030542 
-0.055615 
0.027051 
0.036558 
0.077481 
0.035483 
0.000701 
0.000917 
-0.053753 
-0.019478 
-0.044375 
0.023734 
0.044260 
0.041399 
0.079699 
-0.006519 
-0.003830 
-0.057081 
-0.046661 
-0.072101 
0.021571 
0.072437 
0.083800 
0.030318 
-0.014078 
-0.007675 
-0.054596 
-0.045751 
-0.048719 
0.019484 
0.053433 
0.043834 
0.020874 
0.042457 
0.000201 
-0.038075 
-0.002036 
-0.035483 
0.043439 
0.059959 
0.018931 
0.035253 
-0.036983 
-0.011625 
-0.069768 
-0.072030 
-0.055409 
0.024426 
0.080332 
0.071070 
0.040855 
0.040397 
0.009749 
-0.062012 
-0.026927 
-0.023417 
0.035221 
0.097606 
0.045470 
0.006998 
0.061856 
-0.001317 
-0.014563 
-0.006825 
-0.051946 
0.008727 
0.007285 
0.009563 
0.028388 
0.032066 
0.001488 
-0.004357 
-0.004121 
-0.029646 
0.002461 
0.014289 
0.030711 
0.056070 
0.062645 
-0.007241 
-0.054351 
-0.021234 
-0.065288 
-0.002362 
0.034325 
0.048725 
0.042147 
0.052063 
-0.006708 
-0.040283 
-0.036288 
-0.049434 
-0.001474 
0.034369 
0.041037 
0.004241 
-0.023787 
-0.028342 
-0.031559 
-0.035225 
-0.032128 
0.005893 
0.006474 
0.011429 
0.044490 
0.048988 
0.042350 
0.008897 
0.009046 
0.016822 
0.071602 
0.058465 
0.069736 
0.037631 
-0.009751 
-0.045770 
-0.040575 
-0.049617 
-0.019547 
-0.027442 
-0.029020 
0.044804 
0.068208 
0.047103 
0.016141 
0.013469 
-0.013220 
0.020806 
0.044616 
0.040101 
0.074288 
0.013126 
0.045023 
0.055400 
0.022948 
-0.028199 
-0.014291 
0.028280 
0.060607 
0.014324 
0.019890 
0.022004 
0.020628 
0.042343 
0.035839 
0.016673 
-0.005333 
0.003421 
0.004040 
0.047363 
0.022234 
0.025479 
0.019648 
-0.014332 
-0.010867 
0.054850 
0.058143 
0.053880 
0.031814 
-0.013934 
0.014006 
0.043636 
0.035123 
-0.009489 
0.024456 
0.036747 
0.030629 
0.042656 
0.001574 
0.024174 
0.069773 
0.111326 
0.065285 
0.036589 
-0.002265 
0.003677 
-0.046219 
-0.087046 
-0.046681 
-0.027753 
0.089302 
0.017561 
-0.019463 
-0.061259 
-0.048552 
0.056464 
0.002441 
0.027458 
0.077532 
0.089227 
0.069889 
0.034736 
0.030111 
0.038469 
-0.010320 
-0.064172 
-0.038161 
0.001938 
0.088172 
0.014886 
-0.025597 
-0.036287 
-0.023506 
0.051349 
0.016991 
0.024931 
0.024639 
0.046110 
-0.001819 
0.003173 
0.015409 
0.035301 
0.005105 
-0.009297 
0.006670 
0.024267 
0.047414 
0.020154 
-0.042937 
-0.059130 
-0.019847 
0.048038 
0.005002 
0.015485 
0.022856 
0.027589 
-0.007533 
0.004223 
-0.001151 
0.045506 
-0.013155 
-0.023867 
-0.002417 
0.027632 
0.014659 
-0.005199 
-0.050149 
-0.050452 
0.003610 
-0.014733 
-0.014199 
-0.017143 
0.028221 
0.086512 
0.048775 
0.024554 
-0.000659 
-0.011236 
-0.013857 
0.000584 
-0.018271 
0.000220 
0.046001 
0.075805 
0.113882 
0.079432 
0.002535 
-0.024464 
-0.036547 
-0.033803 
-0.003328 
0.023457 
-0.011706 
-0.027572 
-0.023894 
-0.012182 
-0.011592 
-0.017260 
-0.032911 
-0.032566 
-0.007720 
-0.004599 
-0.011374 
-0.005060 
0.009535 
0.047363 
0.057035 
0.004874 
0.010021 
-0.017628 
0.033884 
0.064364 
0.047331 
0.051668 
0.033796 
0.074521 
0.043225 
-0.000839 
-0.009197 
-0.006046 
0.032617 
-0.007393 
0.031092 
0.035370 
0.021035 
0.002266 
-0.009784 
-0.040279 
0.007726 
0.002496 
-0.021780 
0.040669 
0.027778 
0.030452 
0.011618 
-0.003078 
-0.019744 
0.004405 
-0.008341 
-0.051453 
-0.016359 
0.024779 
0.027987 
0.041390 
-0.000321 
0.027297 
0.099716 
0.114800 
0.020945 
-0.001299 
-0.074146 
-0.024690 
0.009662 
-0.047949 
-0.008964 
0.017411 
0.031398 
-0.023289 
-0.060691 
-0.003794 
-0.025374 
0.008133 
0.010502 
0.060266 
0.122654 
0.113798 
0.060638 
-0.033180 
-0.050127 
-0.079916 
-0.036200 
-0.043895 
0.017818 
0.098633 
0.112239 
0.049687 
-0.024281 
-0.004960 
0.015655 
0.040373 
0.005238 
0.045073 
-0.002581 
0.039524 
-0.009824 
-0.002596 
0.007213 
-0.022132 
0.019529 
-0.027863 
0.021024 
-0.054670 
-0.036684 
-0.027932 
0.006348 
0.018568 
-0.019443 
0.028834 
-0.000162 
0.038879 
0.063613 
0.119301 
0.091179 
0.047447 
0.022862 
-0.010476 
0.022832 
-0.021239 
0.016041 
-0.015957 
0.022039 
0.041401 
0.017920 
0.014889 
0.031845 
0.049784 
-0.002016 
0.049759 
-0.049947 
-0.046911 
-0.038476 
-0.002259 
-0.028999 
0.026474 
0.019170 
0.001519 
0.049749 
-0.047553 
-0.039917 
-0.047303 
-0.022383 
0.033938 
0.050219 
0.080908 
0.019881 
0.038031 
-0.009576 
0.025725 
0.064561 
0.025243 
0.005237 
0.028563 
0.056833 
0.020327 
0.048098 
0.008497 
0.020184 
0.050580 
0.015589 
-0.056236 
0.006318 
0.028824 
-0.018287 
0.051482 
-0.019528 
-0.012050 
-0.045472 
-0.028684 
-0.030576 
-0.012763 
0.016292 
-0.018004 
0.062873 
-0.000708 
0.021011 
-0.011732 
-0.025004 
-0.008370 
0.019790 
0.044189 
-0.002570 
0.066863 
0.030502 
0.046942 
0.049650 
0.025306 
0.040867 
0.032872 
0.026402 
-0.021500 
0.057037 
0.014797 
0.078082 
0.072475 
0.027668 
-0.032947 
-0.047115 
-0.001510 
0.011870 
0.046560 
-0.002001 
0.021783 
-0.002073 
-0.027207 
-0.058122 
-0.029402 
0.007890 
-0.003156 
0.027884 
-0.029496 
0.014478 
-0.024617 
-0.039596 
0.048183 
0.028899 
0.046633 
0.007397 
0.031627 
0.020865 
0.073563 
0.059383 
0.051930 
0.036654 
0.049209 
0.075373 
0.013243 
0.028523 
0.016432 
0.071621 
0.040106 
0.038189 
-0.047928 
-0.005392 
0.045617 
0.012152 
0.031494 
-0.021356 
-0.002859 
-0.058745 
-0.041838 
-0.021451 
-0.022459 
0.008082 
-0.013838 
0.031959 
-0.024421 
-0.013434 
-0.071367 
-0.015507 
0.057266 
0.086957 
0.090448 
0.024916 
0.034681 
-0.014724 
0.014052 
0.016086 
0.042658 
0.073516 
0.096806 
0.091908 
0.041703 
0.042771 
-0.028216 
0.002663 
-0.001202 
0.066907 
0.003077 
-0.030213 
-0.015944 
-0.052965 
-0.036598 
-0.045128 
-0.014759 
-0.054848 
0.002711 
0.052585 
-0.018204 
-0.008267 
-0.061463 
-0.031336 
-0.068285 
-0.016065 
-0.017892 
0.023477 
0.128440 
0.087740 
0.082433 
0.007315 
0.016300 
0.002670 
-0.004836 
-0.003802 
0.073907 
0.083487 
0.095254 
0.047571 
-0.038018 
0.004436 
-0.009208 
0.008234 
0.003448 
0.052151 
0.023152 
-0.025935 
-0.022408 
-0.052067 
-0.060173 
-0.047062 
-0.006094 
0.020991 
0.013821 
0.048764 
0.016792 
0.000444 
-0.050155 
-0.073769 
-0.040843 
0.018157 
0.056245 
0.051407 
0.027506 
0.039283 
0.000761 
-0.018269 
-0.008401 
-0.024547 
-0.009376 
0.005258 
0.019581 
0.049920 
0.039900 
0.017111 
0.007799 
-0.001635 
-0.021210 
0.011188 
0.009573 
0.028136 
0.068058 
0.021975 
-0.012772 
-0.059749 
-0.078180 
-0.074052 
0.003325 
0.007712 
0.050343 
0.075048 
0.071663 
0.008795 
-0.049409 
-0.054656 
-0.059241 
0.012192 
0.015441 
0.052599 
0.052457 
0.024350 
-0.008674 
-0.021148 
-0.054788 
-0.059655 
-0.008740 
-0.010414 
0.056129 
0.061144 
0.061199 
-0.017064 
-0.037513 
-0.056515 
-0.047680 
-0.000297 
-0.009360 
0.064033 
0.080454 
0.070580 
0.017256 
-0.041557 
-0.043971 
-0.020363 
-0.000499 
0.002463 
0.059324 
0.083103 
0.089189 
0.036260 
0.018800 
-0.028660 
0.031975 
0.050301 
0.054525 
0.060459 
0.033013 
0.047489 
-0.007999 
-0.063988 
-0.051781 
-0.037104 
-0.008658 
-0.023741 
0.021324 
0.018384 
-0.001831 
0.000620 
-0.036603 
-0.027244 
-0.037361 
0.018089 
-0.015080 
-0.004448 
0.064221 
0.067624 
0.034971 
0.039585 
0.014952 
0.045939 
0.083273 
0.062021 
0.053038 
0.032286 
0.035948 
0.053781 
0.059554 
0.052401 
0.055701 
0.072311 
0.068025 
0.031621 
-0.023423 
-0.030989 
-0.052781 
-0.036937 
-0.001319 
-0.038639 
0.013350 
-0.023405 
-0.045245 
-0.051388 
-0.028825 
-0.031436 
-0.024251 
-0.009487 
-0.018322 
0.026426 
-0.029041 
-0.037795 
0.043155 
0.029580 
0.055598 
0.072114 
0.087431 
0.060653 
0.019923 
0.025347 
0.020832 
-0.022291 
-0.034665 
0.006576 
0.044029 
0.112730 
0.010981 
-0.027911 
-0.058394 
-0.030862 
-0.003908 
0.006303 
0.057586 
0.030918 
0.048707 
-0.002116 
0.004882 
-0.012125 
0.007258 
-0.005931 
-0.036735 
0.013737 
0.040291 
0.061099 
-0.020809 
-0.008251 
-0.042956 
-0.030866 
0.053932 
-0.009034 
0.014088 
0.037589 
0.025689 
-0.010401 
0.018795 
0.005573 
0.066184 
-0.011491 
-0.025263 
-0.015000 
0.006753 
-0.010536 
-0.029218 
-0.020997 
-0.028192 
0.012131 
0.033387 
-0.004596 
0.024844 
0.040931 
0.027763 
-0.001574 
0.018723 
-0.002739 
0.039185 
-0.001040 
-0.017823 
0.001526 
0.004264 
0.013936 
-0.030628 
0.006357 
0.008442 
0.032637 
-0.008473 
-0.023914 
0.006470 
0.010370 
0.033343 
-0.018671 
-0.022012 
-0.018914 
0.000714 
-0.011889 
0.007039 
-0.001997 
0.008421 
0.020625 
-0.011959 
-0.034422 
-0.018213 
0.013912 
0.033541 
-0.005951 
0.003981 
-0.011928 
0.022396 
-0.004387 
0.009932 
-0.002732 
0.030703 
0.034993 
-0.012796 
-0.011088 
0.025900 
0.013652 
-0.008295 
0.014643 
-0.000798 
0.030880 
0.006067 
0.017039 
0.012629 
0.012625 
0.009271 
0.016946 
-0.011046 
-0.017231 
-0.000620 
0.001554 
0.018409 
0.026223 
0.019393 
0.006166 
0.033817 
-0.015882 
-0.039153 
-0.045305 
0.020849 
0.005507 
-0.007056 
0.007346 
0.042776 
0.011224 
0.001132 
0.007691 
0.011416 
-0.008777 
-0.008602 
0.010474 
-0.000568 
0.039220 
0.006798 
0.013161 
-0.010482 
-0.014356 
-0.022627 
-0.023368 
0.020285 
-0.010286 
0.042153 
0.066165 
0.079281 
0.008803 
-0.029459 
-0.048080 
-0.041439 
-0.006141 
-0.052085 
0.021722 
0.047876 
0.074329 
0.058952 
0.004449 
-0.014125 
0.004805 
0.017275 
-0.031048 
0.033061 
0.006119 
0.000467 
-0.027400 
-0.016242 
-0.034884 
0.007832 
0.015087 
-0.019809 
0.038509 
0.007075 
0.023550 
0.024299 
-0.012326 
-0.023665 
-0.026702 
-0.008098 
-0.062267 
-0.022652 
-0.025088 
0.068980 
0.089366 
0.047404 
0.003619 
-0.029204 
-0.036550 
-0.092134 
-0.077601 
-0.069139 
-0.010557 
0.067265 
0.028392 
0.002979 
0.017039 
0.021811 
0.001295 
0.039213 
-0.005619 
0.061431 
0.104163 
0.031151 
0.004109 
0.010208 
0.017195 
-0.037277 
-0.001126 
-0.028009 
0.030627 
0.090186 
0.051104 
0.013385 
-0.024814 
0.002523 
-0.030959 
-0.058540 
-0.051191 
-0.012272 
0.081023 
0.027280 
-0.004424 
-0.038340 
-0.018990 
-0.046468 
-0.030675 
-0.026802 
-0.005840 
0.058871 
0.015964 
0.002090 
0.001736 
0.039869 
0.002717 
0.003428 
0.002452 
0.034429 
0.103372 
0.055133 
0.020189 
-0.001672 
0.028265 
-0.013069 
0.023045 
0.009709 
0.024902 
0.082041 
0.024723 
0.008111 
-0.026739 
-0.015976 
-0.022849 
0.019107 
0.007295 
0.002966 
0.020886 
0.037063 
0.014172 
-0.017361 
0.013133 
-0.046781 
-0.002797 
-0.041414 
-0.021467 
0.006221 
0.015204 
0.037037 
0.014289 
-0.008691 
-0.005399 
0.054007 
0.026792 
0.001156 
0.024186 
0.047056 
0.011657 
0.017891 
-0.003407 
-0.013366 
0.039276 
-0.028760 
-0.048786 
-0.020209 
-0.008564 
0.008961 
-0.001388 
0.043332 
-0.017504 
0.027164 
-0.012768 
0.020784 
0.025899 
0.011757 
0.007217 
0.013201 
0.039056 
-0.000650 
0.017782 
0.003937 
0.017671 
0.032757 
0.012285 
-0.016527 
0.019329 
0.049705 
0.005612 
0.032187 
-0.013991 
-0.028680 
-0.014379 
-0.007220 
-0.012329 
0.001256 
0.033682 
0.015986 
0.021306 
-0.031988 
-0.014851 
-0.018067 
-0.007812 
0.025991 
0.016334 
0.026985 
0.002548 
0.018712 
-0.010760 
-0.015559 
0.036653 
0.027066 
0.031643 
0.023283 
0.048579 
0.012895 
0.017769 
-0.044832 
-0.031098 
0.004941 
0.046296 
-0.000697 
0.001528 
0.009971 
0.010854 
0.018966 
-0.011718 
-0.006827 
0.027490 
0.000460 
-0.023945 
-0.028696 
-0.007675 
0.001729 
0.046395 
-0.006223 
-0.014139 
-0.001706 
-0.005617 
0.065191 
0.026884 
0.035342 
0.002790 
0.048880 
0.001929 
-0.014939 
0.005140 
0.046571 
0.034074 
0.033608 
-0.009020 
-0.051882 
0.011088 
0.014186 
-0.000189 
0.003537 
0.029736 
-0.038929 
-0.068786 
-0.022685 
0.007517 
0.050565 
0.006165 
-0.016280 
-0.019582 
-0.014160 
-0.058725 
-0.064014 
-0.032693 
-0.030291 
0.014448 
0.011897 
-0.026609 
-0.004778 
-0.027241 
-0.013914 
-0.006219 
-0.007512 
-0.028763 
0.026800 
0.017496 
0.016372 
0.035389 
0.002990 
-0.008314 
-0.025239 
0.008654 
0.012790 
0.063701 
0.023595 
0.028756 
-0.009141 
-0.017905 
-0.050439 
-0.021468 
0.011183 
-0.010004 
0.028757 
0.028401 
-0.001251 
0.035231 
-0.010207 
-0.022116 
-0.019452 
0.012759 
0.029717 
0.060779 
0.021232 
0.011407 
0.019975 
-0.026840 
0.027778 
0.006747 
0.005838 
0.025675 
0.048363 
0.008916 
0.036119 
-0.003420 
0.016026 
0.020402 
0.016649 
-0.017611 
-0.007182 
0.012155 
0.004636 
0.018684 
0.008909 
0.007573 
-0.008761 
-0.015317 
-0.015509 
0.047180 
0.074396 
0.035604 
0.040757 
0.001572 
0.012080 
-0.035725 
-0.017756 
-0.003023 
0.003339 
0.019782 
0.026048 
0.022130 
-0.010587 
-0.034185 
0.010676 
0.027172 
0.015807 
0.001526 
0.036310 
0.020844 
0.027853 
-0.005972 
0.008789 
-0.001452 
-0.000402 
0.023601 
0.004352 
0.043703 
-0.004096 
0.053440 
-0.021424 
0.014486 
-0.022996 
-0.012761 
0.052044 
0.023316 
0.054757 
0.008173 
0.017314 
-0.030580 
-0.028034 
0.027120 
0.015779 
0.032274 
-0.005743 
0.041684 
-0.000168 
0.040718 
-0.024098 
0.017121 
-0.006070 
-0.016394 
-0.005409 
-0.008512 
0.075736 
-0.011951 
0.048507 
-0.014553 
-0.002127 
-0.010100 
-0.006360 
0.004593 
0.014337 
0.073048 
0.028705 
0.044846 
-0.020881 
-0.024908 
0.009937 
0.003670 
-0.017518 
-0.050382 
0.055024 
0.000299 
0.036476 
-0.010931 
0.015363 
-0.014759 
-0.031808 
-0.034119 
0.008061 
0.079149 
0.027393 
0.027770 
-0.028796 
-0.022062 
0.008478 
-0.020407 
0.027512 
0.008183 
0.073543 
0.011666 
0.015983 
-0.012906 
-0.002319 
0.033332 
-0.021957 
0.020419 
0.028651 
0.065263 
0.024011 
0.012798 
-0.005194 
0.016747 
0.010114 
-0.038330 
0.002251 
0.026026 
0.062125 
0.011767 
-0.000027 
-0.046787 
0.009647 
0.039143 
-0.015878 
0.041653 
0.009177 
0.040307 
0.016208 
-0.010169 
-0.023340 
0.035189 
0.008902 
0.003111 
0.021772 
0.028234 
0.043852 
-0.016620 
0.005359 
-0.021128 
0.022450 
-0.002412 
0.000300 
0.024225 
0.018356 
0.037255 
-0.034895 
-0.005996 
0.008919 
0.031058 
0.048133 
0.012431 
0.022659 
0.025685 
0.026856 
-0.014882 
0.004707 
-0.027533 
0.040180 
0.018933 
-0.005329 
0.027011 
0.011342 
0.035653 
-0.010127 
0.005401 
-0.015434 
0.032132 
0.008918 
0.000385 
0.022784 
-0.021895 
0.028791 
-0.000798 
0.013493 
0.010625 
0.033244 
0.024003 
-0.008380 
0.009947 
-0.020865 
0.005244 
-0.013310 
0.017102 
0.014619 
0.047629 
-0.004343 
-0.025100 
0.021469 
-0.014236 
0.023041 
-0.007682 
0.023784 
-0.003469 
0.019757 
0.004441 
-0.007566 
0.028301 
0.011467 
0.023795 
-0.006908 
0.016324 
0.005518 
0.016128 
0.015061 
0.000462 
0.019476 
-0.016067 
0.021741 
-0.013403 
0.010399 
0.014596 
0.020770 
0.000527 
-0.004915 
0.001693 
-0.024768 
0.022043 
-0.016227 
0.015126 
0.001647 
0.020221 
0.013584 
0.032804 
0.053315 
0.022849 
0.033254 
0.017202 
0.028897 
0.013186 
0.040893 
0.003578 
0.019675 
-0.001621 
-0.007245 
-0.007709 
-0.007773 
0.015179 
0.018653 
0.020544 
-0.003521 
0.002107 
0.009964 
-0.022666 
0.052890 
0.001106 
-0.012888 
-0.003328 
0.053177 
-0.003584 
0.008724 
0.019464 
0.000225 
0.046348 
0.009830 
0.006131 
0.028838 
0.014991 
-0.021190 
-0.010329 
-0.001170 
-0.017057 
0.032956 
0.008072 
0.010310 
0.005990 
0.008046 
-0.029231 
-0.004961 
0.023860 
0.008650 
0.006340 
-0.011274 
-0.025201 
-0.010372 
-0.004646 
-0.032147 
-0.011646 
0.015590 
0.024351 
0.064025 
0.013469 
0.019660 
0.065706 
-0.003646 
-0.022826 
-0.007426 
0.017734 
0.003835 
0.035360 
-0.019756 
-0.007495 
0.016799 
0.010720 
-0.025259 
0.009269 
0.040758 
0.031611 
0.035275 
0.000837 
-0.033521 
-0.000848 
-0.022694 
-0.015465 
0.004299 
0.031369 
-0.002632 
0.013738 
-0.030786 
-0.046836 
-0.010231 
-0.012462 
0.006894 
0.006582 
0.037843 
0.008404 
0.057378 
-0.015717 
-0.005548 
0.026178 
0.037510 
0.000802 
-0.016164 
0.010959 
-0.025411 
0.058369 
-0.004765 
-0.007480 
0.002230 
0.015388 
-0.017258 
-0.017173 
0.027981 
0.000524 
0.060828 
-0.005276 
-0.007273 
0.001873 
0.002886 
-0.028983 
-0.043311 
-0.025132 
-0.026325 
0.072853 
0.010828 
-0.019092 
-0.028997 
-0.023377 
0.021878 
0.004732 
-0.020015 
-0.026006 
0.088086 
0.042969 
0.017604 
-0.007736 
0.026676 
0.006084 
0.005025 
-0.051831 
-0.025953 
0.062018 
-0.003694 
-0.027593 
-0.029154 
0.007308 
-0.030810 
0.001277 
-0.011598 
-0.010942 
0.097455 
0.032978 
-0.022959 
-0.037292 
-0.011352 
-0.028879 
-0.001478 
-0.015375 
-0.018166 
0.054424 
0.011861 
-0.007993 
-0.039532 
-0.012746 
-0.013971 
0.026487 
0.001084 
-0.007941 
0.050703 
-0.032635 
-0.031409 
-0.022104 
-0.001216 
-0.004837 
-0.020245 
0.004142 
0.003895 
0.021730 
-0.055612 
-0.029415 
-0.031498 
0.005573 
0.002498 
0.014487 
-0.010102 
-0.009190 
0.065636 
0.018427 
0.005576 
-0.028556 
-0.013410 
-0.011184 
0.004670 
0.019864 
0.040868 
0.068638 
0.017474 
0.011128 
-0.011711 
-0.017844 
-0.000902 
-0.024499 
0.014451 
0.026819 
0.041409 
-0.009807 
0.009314 
-0.003959 
0.016683 
-0.034678 
-0.055047 
-0.021800 
-0.021314 
0.055350 
0.008650 
-0.002520 
-0.019168 
0.007437 
-0.001503 
-0.000587 
0.027798 
0.053148 
0.058416 
0.031242 
0.020528 
0.010443 
-0.004380 
-0.002898 
-0.011763 
0.007201 
0.011063 
0.021982 
-0.009152 
0.005587 
-0.004265 
-0.009975 
-0.029200 
-0.051350 
-0.003456 
-0.004683 
0.042410 
0.007586 
-0.000159 
-0.015160 
-0.003224 
-0.028340 
-0.007732 
0.011754 
0.001550 
0.001735 
-0.007098 
-0.023128 
-0.026067 
-0.003996 
0.032205 
0.005671 
0.030102 
0.009697 
0.011288 
0.014205 
0.021798 
-0.000001 
0.008266 
0.022340 
0.004323 
0.027630 
0.021915 
-0.007816 
0.005879 
0.026194 
-0.031087 
0.015250 
-0.030840 
0.008600 
0.000079 
-0.006224 
0.030738 
-0.012801 
-0.011731 
-0.024149 
-0.010470 
-0.027935 
0.001148 
-0.016522 
0.009465 
0.046972 
-0.007422 
-0.007386 
0.003611 
-0.030333 
0.008912 
-0.000065 
0.026230 
0.011973 
0.010504 
0.000046 
0.033858 
-0.034437 
-0.001668 
0.018150 
-0.001946 
-0.001788 
-0.001539 
0.026486 
0.002658 
0.013943 
-0.005917 
-0.004792 
0.009399 
-0.008568 
-0.009506 
0.005774 
0.066393 
0.013799 
0.011061 
0.012131 
0.005269 
-0.012345 
-0.026191 
-0.004168 
-0.034805 
0.013242 
-0.019721 
0.022750 
-0.003863 
0.003273 
0.030351 
0.000514 
0.003748 
0.006815 
0.060431 
0.037301 
0.020119 
0.021851 
0.024239 
-0.020689 
-0.003102 
0.026667 
-0.029091 
0.035654 
-0.023333 
0.044911 
-0.000181 
-0.002664 
-0.008307 
-0.021559 
0.030477 
-0.011084 
0.006866 
-0.018817 
0.025938 
-0.013795 
0.008856 
0.016022 
0.038516 
0.037904 
-0.004282 
0.004263 
-0.021367 
0.042074 
-0.006144 
0.014531 
-0.018901 
-0.000799 
0.036252 
0.001193 
0.027049 
0.002388 
0.067104 
0.034825 
0.029732 
0.005925 
0.025771 
0.047808 
0.007196 
0.029663 
0.013152 
0.077974 
0.052548 
0.039103 
0.013253 
0.003254 
-0.014384 
-0.040371 
0.042199 
-0.013212 
0.035702 
-0.005788 
0.008512 
-0.011783 
-0.038718 
-0.041055 
-0.021592 
0.082858 
0.019018 
0.026386 
-0.028424 
0.005805 
-0.016750 
-0.000183 
0.025342 
-0.004353 
0.058609 
0.010572 
0.048824 
0.020226 
-0.002857 
-0.025144 
-0.007143 
0.034073 
-0.001335 
0.092291 
0.039696 
0.030418 
0.002087 
0.011110 
-0.006816 
-0.034390 
-0.002716 
0.010044 
0.083563 
-0.001254 
-0.000068 
-0.043528 
0.008291 
0.007151 
-0.007462 
0.045097 
-0.012617 
0.070792 
0.008067 
0.006109 
-0.038723 
0.015714 
-0.016612 
-0.012849 
0.025462 
0.005726 
0.074505 
0.042320 
0.041335 
-0.003324 
0.015394 
0.011466 
-0.014381 
-0.001586 
-0.002981 
0.059658 
0.054026 
0.050688 
-0.022776 
0.013369 
-6.531483